11000 0.000130 0.000063 0.000073
21000 0.001821 0.000852 0.000926
31000 0.003375 0.001537 0.001651
41000 0.004699 0.002099 0.002304
51000 0.005691 0.002622 0.002645
61000 0.006777 0.002942 0.003163
71000 0.007589 0.003423 0.003624
81000 0.008648 0.003977 0.004184
91000 0.009841 0.004469 0.004731
101000 0.011191 0.005082 0.005605
111000 0.012240 0.005947 0.006256
121000 0.013833 0.006293 0.006897
131000 0.015111 0.006852 0.007609
141000 0.016345 0.007410 0.008125
151000 0.017863 0.008145 0.008819
161000 0.019215 0.008879 0.009375
171000 0.020471 0.009444 0.010074
181000 0.021845 0.010237 0.010739
191000 0.023287 0.010617 0.011485
201000 0.024797 0.011326 0.012228
211000 0.025994 0.012211 0.012877
